1 0 0
2 0 0
3 0 0
4 0 0
5 0 0
6 0 0
7 0 0
8 0 0
9 0 0
10 0 0
11 0 0
12 0 0
13 0 0
14 0 0
15 0 0
16 0 0
17 0 0
18 0 0
19 0 0
20 0 0
21 0 0
22 0 0
23 0 0
24 0 0
25 0 0
26 0 0
27 0 0
28 0 0
29 0 0
30 0 0
31 0 0
32 0 0
33 0 0
34 0 0
35 0 0
36 0 0
37 0 0
38 0 0
39 0 0
40 0 0
41 0 0
42 0 0
43 1 0
44 1 0
45 5 0
46 5 0
47 11 0
48 16 0
49 22 0
50 31 0
51 49 0
52 68 0
53 103 0
54 119 0
55 177 13
56 238 13
57 251 13
58 355 1
59 425 1
60 536 1
61 634 1
62 749 1
63 901 1
64 1051 7
65 1221 7
66 1389 7
67 1638 7
68 1862 7
69 2055 7
70 2311 7
71 2554 47
72 2946 56
73 3383 56
74 3627 116
75 4102 134
76 4413 162
77 4848 191
78 5205 222
79 5575 284
80 5955 318
81 6356 375
82 6674 439
83 6934 487
84 7202 618
85 7582 668
86 7918 774
87 8379 866
88 8742 981
89 9287 1040
90 9593 1133
91 9856 1297
92 10169 1513
93 10511 1740
94 10892 1944
95 11273 2126
96 11617 2265
97 11902 2466
98 12218 2655
99 12640 3025
100 12877 3236
101 13105 3491
102 13375 3762
103 13693 3945
104 14006 4095
105 14431 4280
106 14740 4655
107 15047 4862
108 15366 5184
109 15651 5437
110 15996 5698
111 16326 5816
112 16921 6131
113 17204 6410
114 17615 6696
115 18016 6918
116 18257 7175
117 18529 7451
118 18885 7628
119 19268 7903
120 19739 8183
121 20143 8452
122 20619 8731
123 20931 8977
124 21326 9194
125 21631 9276
126 22074 10020
127 22473 10330
128 22825 10560
129 23155 10692
130 23571 11016
131 23786 11271
132 24165 11449
133 24395 11726
134 24687 12014
135 25048 12227
136 25410 12410
137 25986 12641
138 26561 12855
139 27160 12998
140 27560 13196
141 27842 13411
142 28201 13696
143 28577 13805
144 29017 14104
145 29392 14226
146 29788 14383
147 30195 14654
148 30701 14921
149 31015 15317
150 31316 15698
151 31620 16181
152 31931 16683
153 32227 17076
154 32527 17573
155 32821 18134
156 33119 18654
157 33395 19218
158 33714 19972
159 33907 20548
160 34154 20897
161 34393 21281
162 34775 21791
163 35146 22209
164 35405 22651
165 35719 23127
166 35950 23746
167 36155 23966
168 36412 24238
169 36689 24878
170 36951 25477
171 37216 26048
172 37521 26635
173 37891 27148
174 38190 27515
175 38457 27756
176 38721 28492
177 39054 28928
178 39407 29505
179 39746 29924
180 40104 30292
181 40383 30539
182 40782 30771
183 41162 31139
184 41580 31541
185 42038 31997
186 42622 32419
187 43065 32753
188 43402 32856
